CameraLeft.Parameters=[ 1.11048 1.51348 0.455888 0.425159 0.808762 ]
CameraLeftExtrinsic.Parameters=[ -0.427187 -0.0330683 -0.0392141 0.0426699 -0.0406701 0.00066888 ]
