CameraRight.Parameters=[ 1.11302 1.51048 0.635932 0.512862 0.743256 ]
CameraRightExtrinsic.Parameters=[ 0.425189 0.0312804 0.0579255 -0.0426699 0.0406701 -0.00066888 ]
